2024-07-30 14:37:45.020830
data/visualized_data/scenes_0_.npy:
scenes_0_ code 037 0/20 : []
scenes_0_ code 081 0/15 : []
scenes_0_ code 061 0/12 : []
scenes_0_ code 085 has no valid grasps, let alone in scene
scenes_0_ code 052 3/28 : [17, 19, 27]
scenes_0_ code 041 0/16 : []
scenes_0_ code 011 5/27 : [1, 5, 11, 18, 21]
scenes_0_ code 010 0/6 : []
2024-08-06 13:23:38.924742
data/visualized_data/scenes_1_.npy:
scenes_1_ code 047 0/35 : []
scenes_1_ code 077 0/24 : []
scenes_1_ code 015 0/26 : []
scenes_1_ code 065 3/9 : [3, 6, 7]
scenes_1_ code 075 0/30 : []
scenes_1_ code 026 0/4 : []
scenes_1_ code 032 0/30 : []
2024-08-06 13:25:07.754574
data/visualized_data/scenes_1_.npy:
2024-08-06 13:29:01.442146
data/visualized_data/scenes_1_.npy:
2024-08-06 13:29:58.770118
data/visualized_data/scenes_1_.npy:
2024-08-06 13:31:52.077532
data/visualized_data/scenes_1_.npy:
2024-08-06 13:32:19.638667
data/visualized_data/scenes_1_.npy:
2024-08-06 13:33:22.745827
data/visualized_data/scenes_1_.npy:
2024-08-06 13:35:15.374055
data/visualized_data/scenes_1_.npy:
scenes_1_ code 032 15/2211 : [134, 246, 426, 547, 592, 706, 828, 854, 1015, 1093, 1127, 1299, 1680, 1948, 2136]
scenes_1_ code 015 31/2836 : [5, 21, 55, 111, 150, 202, 451, 509, 710, 857, 957, 1040, 1063, 1233, 1238, 1242, 1299, 1443, 1471, 1501, 1552, 1689, 1802, 2269, 2405, 2514, 2548, 2670, 2681, 2701, 2745]
scenes_1_ code 065 125/1002 : [4, 20, 21, 31, 36, 45, 49, 60, 66, 68, 69, 80, 87, 90, 96, 112, 118, 122, 123, 128, 134, 145, 156, 157, 159, 167, 177, 181, 188, 199, 200, 224, 227, 230, 234, 235, 246, 249, 270, 276, 282, 288, 314, 315, 319, 323, 333, 339, 351, 369, 380, 413, 416, 425, 438, 453, 454, 468, 478, 480, 481, 483, 497, 500, 507, 524, 541, 543, 554, 556, 568, 571, 588, 605, 606, 617, 625, 639, 654, 657, 663, 671, 672, 673, 674, 683, 685, 688, 694, 699, 704, 724, 731, 738, 754, 757, 767, 769, 779, 780, 784, 787, 788, 795, 799, 805, 807, 816, 817, 827, 842, 876, 880, 883, 884, 885, 945, 946, 959, 960, 968, 971, 983, 986, 987]
scenes_1_ code 063 28/1315 : [48, 96, 112, 212, 258, 296, 310, 315, 351, 373, 484, 520, 566, 651, 667, 805, 831, 950, 954, 958, 1015, 1049, 1187, 1232, 1244, 1282, 1293, 1309]
scenes_1_ code 026 8/228 : [16, 71, 114, 140, 172, 175, 201, 207]
2024-08-06 13:36:05.265048
data/visualized_data/scenes_1_.npy:
scenes_1_ code 065 90/1002 : [4, 21, 36, 48, 49, 60, 66, 80, 87, 90, 106, 118, 123, 157, 159, 167, 181, 199, 200, 224, 227, 230, 234, 235, 270, 282, 288, 290, 311, 314, 315, 319, 339, 351, 369, 413, 425, 430, 431, 438, 453, 468, 478, 480, 481, 483, 500, 507, 524, 541, 556, 563, 568, 588, 605, 606, 654, 657, 662, 663, 671, 672, 683, 688, 694, 698, 699, 704, 707, 723, 731, 754, 769, 780, 799, 805, 807, 816, 817, 842, 876, 880, 883, 884, 885, 945, 971, 983, 987, 995]
scenes_1_ code 050 17/1424 : [0, 46, 83, 169, 171, 184, 428, 533, 548, 570, 702, 733, 759, 803, 849, 866, 1186]
2024-08-06 13:36:28.359023
data/visualized_data/scenes_1_.npy:
scenes_1_ code 026 13/228 : [1, 13, 14, 33, 65, 68, 78, 125, 128, 187, 189, 190, 227]
scenes_1_ code 032 14/2211 : [231, 285, 409, 431, 554, 592, 984, 1015, 1050, 1164, 1237, 1656, 1694, 2136]
scenes_1_ code 050 13/1424 : [144, 200, 309, 406, 483, 486, 702, 803, 1004, 1038, 1054, 1081, 1091]
scenes_1_ code 047 12/3318 : [33, 172, 348, 691, 851, 1058, 1244, 1679, 1941, 2083, 3125, 3180]
scenes_1_ code 015 26/2836 : [5, 21, 55, 111, 150, 202, 451, 509, 1063, 1233, 1238, 1242, 1299, 1378, 1433, 1443, 1501, 1552, 1622, 1674, 1689, 1763, 1835, 2269, 2416, 2514]
scenes_1_ code 065 117/1002 : [4, 9, 21, 36, 45, 49, 60, 66, 80, 90, 112, 118, 122, 123, 128, 134, 143, 156, 157, 159, 167, 181, 200, 224, 227, 230, 234, 235, 249, 270, 276, 282, 288, 314, 315, 319, 323, 333, 339, 349, 351, 369, 413, 425, 438, 453, 454, 468, 478, 480, 481, 483, 497, 500, 501, 507, 514, 524, 541, 543, 554, 556, 568, 571, 605, 606, 617, 625, 654, 657, 663, 671, 674, 680, 683, 685, 688, 694, 699, 704, 721, 723, 724, 731, 736, 754, 756, 757, 761, 767, 769, 780, 784, 787, 788, 794, 799, 805, 807, 816, 817, 827, 828, 842, 876, 880, 883, 884, 885, 912, 946, 960, 968, 971, 983, 986, 987]
scenes_1_ code 075 7/2279 : [521, 1308, 1352, 1467, 1543, 1822, 2085]
scenes_1_ code 063 27/1315 : [48, 96, 112, 212, 310, 351, 373, 412, 520, 566, 651, 727, 805, 831, 947, 950, 954, 958, 999, 1015, 1049, 1070, 1105, 1232, 1244, 1293, 1309]
229/14643 = 1.56%2024-08-07 15:35:41.183492
data/visualized_data/scenes_2_.npy:
2024-08-07 15:38:37.637771
data/visualized_data/scenes_2_.npy:
scenes_2_ code 052 0/28 : []
scenes_2_ code 056 0/15 : []
scenes_2_ code 035 0/19 : []
scenes_2_ code 016 0/19 : []
scenes_2_ code 063 0/8 : []
scenes_2_ code 066 has no valid grasps, let alone in scene
scenes_2_ code 047 0/35 : []
scenes_2_ code 010 0/6 : []
2024-08-13 15:47:48.001282
data/visualized_data/scenes_2_.npy:
scenes_2_ code 056 0/1452 : []
2024-08-13 15:48:15.096367
data/visualized_data/scenes_2_.npy:
scenes_2_ code 056 0/1452 : []
2024-08-16 16:23:25.654043
data/visualized_data/scenes_2_.npy:
scenes_2_ code 047 has no valid grasps, let alone in scene
2024-08-16 16:24:33.892123
data/visualized_data/scenes_2_.npy:
scenes_2_ code 010 16/651 : [22, 117, 170, 181, 217, 258, 338, 412, 420, 426, 473, 483, 585, 597, 607, 617]
scenes_2_ code 063 0/1044 : []
scenes_2_ code 052 0/1259 : []
scenes_2_ code 035 0/1655 : []
scenes_2_ code 066 99/883 : [6, 8, 13, 14, 15, 17, 52, 54, 59, 60, 63, 73, 74, 112, 114, 115, 117, 120, 121, 124, 125, 129, 130, 133, 178, 179, 181, 191, 193, 244, 245, 246, 260, 262, 266, 279, 281, 282, 310, 313, 315, 321, 343, 349, 373, 374, 381, 390, 397, 398, 411, 412, 442, 445, 446, 448, 449, 457, 480, 484, 485, 488, 497, 501, 541, 557, 559, 562, 563, 601, 604, 606, 607, 608, 622, 623, 653, 655, 656, 657, 659, 665, 673, 675, 682, 710, 711, 712, 784, 786, 788, 789, 792, 810, 813, 855, 870, 871, 873]
scenes_2_ code 016 3/1651 : [267, 1006, 1205]
scenes_2_ code 047 3/2636 : [37, 1805, 2242]
scenes_2_ code 056 0/52 : []
2024-08-16 19:14:40.375556
data/visualized_data/scenes_2_.npy:
2024-08-16 19:15:11.068001
data/visualized_data/scenes_2_.npy:
scenes_2_ code 063 1/1044 : [52]
scenes_2_ code 016 5/1651 : [342, 839, 1352, 1431, 1530]
2024-08-17 17:45:55.235471
data/visualized_data/scenes_2_.npy:
scenes_2_ code 010 14/651 : [22, 117, 142, 170, 181, 258, 338, 412, 420, 426, 473, 483, 597, 607]
scenes_2_ code 056 0/52 : []
scenes_2_ code 066 99/883 : [6, 13, 14, 15, 16, 17, 54, 59, 60, 62, 63, 73, 74, 112, 114, 115, 116, 117, 120, 121, 124, 125, 130, 133, 178, 179, 180, 181, 191, 193, 239, 243, 244, 245, 246, 260, 262, 266, 279, 281, 282, 313, 315, 321, 343, 349, 373, 374, 381, 390, 397, 398, 411, 412, 442, 445, 446, 448, 449, 457, 480, 484, 485, 488, 541, 557, 559, 562, 563, 601, 604, 606, 607, 608, 622, 623, 653, 655, 656, 657, 659, 665, 673, 675, 682, 710, 711, 712, 784, 786, 788, 789, 792, 810, 813, 855, 870, 871, 873]
scenes_2_ code 035 0/1655 : []
scenes_2_ code 063 0/1044 : []
scenes_2_ code 047 2/2636 : [1035, 2061]
2024-08-18 10:24:33.827906
data/visualized_data/scenes_2_.npy:
scenes_2_ code 016 0/1651 : []
scenes_2_ code 035 0/1655 : []
scenes_2_ code 052 0/1259 : []
scenes_2_ code 056 0/52 : []
scenes_2_ code 063 0/1044 : []
scenes_2_ code 010 11/651 : [117, 170, 181, 258, 338, 412, 420, 426, 473, 483, 607]
scenes_2_ code 047 0/2636 : []
scenes_2_ code 066 79/883 : [6, 13, 15, 17, 54, 60, 63, 73, 74, 114, 117, 120, 121, 125, 130, 133, 179, 181, 191, 193, 244, 245, 246, 260, 262, 279, 281, 282, 313, 315, 321, 343, 349, 373, 381, 390, 398, 411, 412, 442, 445, 446, 448, 449, 457, 480, 484, 488, 541, 557, 559, 562, 563, 601, 604, 606, 607, 608, 622, 623, 655, 656, 657, 659, 665, 673, 675, 710, 712, 784, 788, 789, 792, 810, 813, 855, 870, 871, 873]
2024-08-18 10:27:00.798078
data/visualized_data/scenes_2_.npy:
scenes_2_ code 047 0/2636 : []
scenes_2_ code 052 0/1259 : []
scenes_2_ code 010 10/651 : [117, 170, 181, 258, 338, 412, 420, 426, 473, 483]
scenes_2_ code 066 78/883 : [6, 13, 15, 17, 54, 60, 63, 73, 74, 114, 117, 120, 121, 125, 130, 133, 179, 181, 191, 193, 244, 245, 246, 260, 262, 279, 281, 282, 313, 315, 321, 343, 349, 373, 381, 390, 398, 411, 412, 442, 445, 446, 448, 449, 457, 480, 484, 488, 541, 557, 559, 562, 563, 601, 604, 606, 607, 608, 622, 623, 655, 656, 657, 659, 673, 675, 710, 712, 784, 788, 789, 792, 810, 813, 855, 870, 871, 873]
scenes_2_ code 063 0/1044 : []
scenes_2_ code 056 0/52 : []
scenes_2_ code 035 0/1655 : []
scenes_2_ code 016 0/1651 : []
2024-08-18 10:29:43.518742
data/visualized_data/scenes_2_.npy:
2024-08-19 11:16:12.593896
data/visualized_data/scenes_2_.npy:
scenes_2_ code 052 0/1259 : []
scenes_2_ code 010 0/651 : []
scenes_2_ code 063 0/1044 : []
scenes_2_ code 047 0/2636 : []
scenes_2_ code 035 0/1655 : []
scenes_2_ code 056 0/52 : []
scenes_2_ code 016 8/1651 : [268, 376, 377, 641, 669, 970, 1526, 1625]
scenes_2_ code 066 19/883 : [1, 43, 106, 140, 155, 163, 199, 222, 385, 403, 500, 587, 631, 641, 738, 740, 760, 779, 852]
2024-08-19 17:29:01.073729
data/visualized_data/scenes_2_.npy:
scenes_2_ code 047 2/2636 : [1380, 2604]
scenes_2_ code 035 2/1655 : [666, 782]
scenes_2_ code 010 0/651 : []
scenes_2_ code 056 0/52 : []
scenes_2_ code 052 10/1259 : [207, 226, 236, 306, 549, 833, 834, 857, 956, 1250]
scenes_2_ code 063 0/1044 : []
scenes_2_ code 016 42/1651 : [21, 26, 121, 130, 221, 268, 339, 366, 376, 377, 389, 463, 494, 625, 641, 644, 669, 682, 792, 818, 852, 875, 914, 941, 942, 970, 972, 1048, 1056, 1088, 1089, 1151, 1171, 1283, 1375, 1412, 1447, 1526, 1606, 1614, 1625, 1627]
scenes_2_ code 066 233/883 : [1, 3, 24, 26, 27, 28, 29, 30, 32, 33, 43, 44, 45, 46, 47, 48, 49, 50, 67, 68, 81, 86, 87, 89, 97, 102, 103, 104, 106, 107, 108, 137, 140, 143, 145, 146, 147, 155, 160, 162, 163, 164, 171, 172, 173, 174, 175, 177, 186, 187, 194, 199, 201, 202, 203, 218, 222, 223, 224, 227, 228, 247, 250, 252, 254, 255, 256, 257, 259, 291, 292, 293, 298, 299, 300, 308, 309, 316, 317, 334, 353, 354, 356, 357, 364, 365, 366, 385, 387, 388, 400, 403, 404, 406, 414, 421, 422, 428, 429, 430, 432, 433, 437, 438, 451, 463, 464, 465, 470, 471, 473, 474, 476, 477, 495, 496, 500, 502, 509, 510, 514, 515, 516, 517, 529, 536, 537, 542, 543, 544, 546, 549, 550, 551, 552, 553, 554, 556, 565, 566, 567, 575, 587, 588, 589, 590, 591, 593, 594, 596, 597, 598, 627, 628, 631, 632, 633, 634, 636, 637, 638, 639, 640, 641, 687, 689, 691, 693, 694, 717, 729, 730, 737, 738, 739, 740, 741, 742, 743, 749, 753, 756, 758, 759, 760, 761, 762, 766, 771, 773, 775, 777, 778, 779, 780, 781, 782, 783, 799, 800, 801, 802, 803, 804, 808, 820, 821, 831, 833, 834, 835, 836, 840, 841, 842, 843, 844, 845, 846, 848, 849, 852, 856, 859, 860, 861, 862, 863, 875, 878, 879, 880, 881]
2024-08-19 17:47:59.029714
data/visualized_data/scenes_2_.npy:
scenes_2_ code 047 2/2636 : [1380, 2604]
2024-08-19 17:49:52.686308
data/visualized_data/scenes_2_.npy:
2024-08-19 17:55:57.432135
data/visualized_data/scenes_2_.npy:
scenes_2_ code 056 0/52 : []
scenes_2_ code 047 2/2636 : [1380, 2604]
scenes_2_ code 035 2/1655 : [666, 782]
2024-08-19 17:57:36.014000
data/visualized_data/scenes_2_.npy:
scenes_2_ code 066 227/883 : [1, 3, 24, 26, 27, 28, 29, 30, 32, 33, 43, 44, 45, 46, 47, 48, 49, 50, 68, 81, 86, 87, 89, 97, 102, 103, 104, 106, 107, 108, 137, 140, 143, 145, 146, 147, 155, 160, 162, 163, 164, 171, 172, 173, 175, 177, 186, 187, 199, 201, 202, 203, 218, 222, 223, 224, 227, 228, 247, 250, 252, 254, 255, 256, 257, 259, 291, 292, 293, 298, 299, 300, 308, 309, 316, 334, 353, 354, 356, 357, 364, 365, 366, 385, 387, 388, 400, 403, 404, 406, 414, 421, 422, 428, 429, 430, 432, 433, 437, 438, 451, 463, 464, 465, 470, 471, 474, 476, 477, 495, 496, 500, 502, 509, 510, 514, 515, 516, 517, 529, 536, 537, 542, 543, 544, 546, 549, 550, 551, 552, 553, 554, 556, 565, 566, 567, 575, 587, 588, 589, 590, 591, 593, 594, 596, 597, 598, 627, 628, 631, 632, 633, 634, 635, 636, 637, 638, 639, 640, 641, 687, 689, 691, 693, 694, 717, 729, 730, 737, 738, 739, 740, 741, 742, 743, 749, 753, 756, 758, 759, 760, 761, 762, 766, 771, 773, 775, 777, 778, 779, 780, 781, 782, 783, 799, 800, 801, 802, 803, 804, 808, 820, 821, 831, 833, 834, 835, 836, 840, 841, 842, 843, 844, 845, 846, 848, 849, 852, 856, 859, 860, 861, 862, 863, 878, 879, 881]
scenes_2_ code 035 2/1655 : [666, 782]
scenes_2_ code 052 10/1259 : [99, 207, 226, 236, 306, 549, 833, 857, 956, 1250]
scenes_2_ code 056 0/52 : []
scenes_2_ code 063 2/1044 : [89, 720]
scenes_2_ code 010 0/651 : []
scenes_2_ code 047 2/2636 : [1380, 2604]
scenes_2_ code 016 43/1651 : [21, 26, 121, 130, 221, 268, 339, 366, 376, 377, 389, 463, 494, 625, 641, 644, 669, 682, 792, 818, 852, 875, 914, 941, 942, 970, 972, 1048, 1056, 1088, 1089, 1151, 1171, 1283, 1375, 1412, 1447, 1468, 1526, 1606, 1614, 1625, 1627]
2024-08-19 18:15:00.379396
data/visualized_data/scenes_2_.npy:
scenes_2_ code 056 0/52 : []
scenes_2_ code 052 10/1259 : [99, 207, 226, 236, 306, 549, 833, 857, 956, 1250]
scenes_2_ code 035 2/1655 : [666, 782]
scenes_2_ code 010 0/651 : []
scenes_2_ code 063 0/1044 : []
scenes_2_ code 066 231/883 : [1, 3, 24, 26, 27, 28, 29, 30, 32, 33, 43, 44, 45, 46, 47, 48, 49, 50, 68, 81, 86, 87, 89, 97, 102, 103, 104, 106, 107, 108, 109, 137, 140, 143, 145, 146, 147, 155, 160, 162, 163, 164, 171, 172, 173, 174, 175, 177, 186, 187, 199, 201, 202, 203, 218, 222, 223, 224, 227, 228, 247, 250, 252, 254, 255, 256, 257, 259, 291, 292, 293, 298, 299, 300, 308, 309, 316, 334, 353, 354, 356, 357, 364, 365, 366, 385, 387, 388, 400, 403, 404, 406, 414, 421, 422, 428, 429, 430, 432, 433, 437, 438, 451, 463, 464, 465, 470, 471, 473, 474, 476, 477, 495, 496, 500, 502, 509, 510, 514, 515, 516, 517, 529, 536, 537, 542, 543, 544, 546, 549, 550, 551, 552, 553, 554, 556, 565, 566, 567, 575, 587, 588, 589, 590, 591, 593, 594, 596, 597, 598, 627, 628, 631, 632, 633, 634, 635, 636, 637, 638, 639, 640, 641, 687, 689, 691, 693, 694, 717, 729, 730, 737, 738, 739, 740, 741, 742, 743, 749, 753, 756, 758, 759, 760, 761, 762, 766, 771, 773, 775, 777, 778, 779, 780, 781, 782, 783, 799, 800, 801, 802, 803, 804, 808, 820, 821, 831, 833, 834, 835, 836, 840, 841, 842, 843, 844, 845, 846, 848, 849, 852, 856, 859, 860, 861, 862, 863, 878, 879, 880, 881]
scenes_2_ code 016 41/1651 : [21, 26, 121, 130, 221, 268, 339, 366, 376, 377, 389, 463, 494, 571, 625, 641, 669, 682, 792, 818, 852, 914, 941, 970, 972, 1056, 1088, 1089, 1132, 1151, 1171, 1283, 1375, 1412, 1447, 1468, 1526, 1606, 1614, 1625, 1627]
scenes_2_ code 047 2/2636 : [1380, 2604]
2024-08-19 19:01:41.014481
data/visualized_data/scenes_2_.npy:
